ZZZ 1990  1  1  0  0  0.00   0.0000    0.0000   0.0 0.0 0.0 ZZZZ
event name:     000000Z
time shift:      0.0000
half duration:   0.0000
latitude:        0.0000
longitude:       0.0000
depth:          15.0000
Mrr:       1.300000e+27
Mtt:       1.200000e+26
Mpp:      -1.420000e+27
Mrt:       4.600000e+26
Mrp:       8.200000e+26
Mtp:      -2.000000e+26

